71 269 348 136
73 254 343 135
73 259 345 133
74 260 348 134
75 258 350 133
75 255 346 132
76 263 344 132
77 261 353 131
78 249 347 131
79 254 354 130
81 251 352 126
83 249 353 126
85 251 354 124
87 247 353 123
89 255 360 126
90 252 362 128
92 241 360 128
93 251 364 124
94 254 365 120
95 250 358 121
96 249 368 122
94 254 365 122
97 250 367 125
96 249 374 123
96 255 362 125
97 251 367 124
97 247 367 128
97 257 367 127
99 248 366 127
102 253 368 130
102 261 374 130
105 265 376 134
105 259 375 131
106 260 373 136
107 254 380 136
107 255 378 137
108 259 385 140
106 257 378 142
109 259 386 143
111 251 381 142
113 254 382 143
114 261 383 143
120 255 395 139
120 256 389 138
122 257 392 137
125 241 400 137
0 0 0 0
0 0 0 0
0 0 0 0
0 0 0 0
0 0 0 0
186 255 409 131
141 242 411 140
145 240 409 140
145 243 419 145
153 247 418 140
154 246 419 141
155 254 422 140
157 248 423 145
162 254 429 147
166 253 430 150
171 257 433 152
176 258 441 155
183 258 443 160
190 255 445 156
193 261 446 157
195 265 450 160
199 262 452 158
199 255 458 158
201 259 460 159
205 263 464 162
207 259 465 163
215 253 473 164
218 267 477 165
219 263 475 163
221 263 480 162
223 267 479 168
226 268 481 169
227 267 485 169
230 272 487 170
232 268 490 165
234 269 491 165
240 268 486 169
243 271 495 171
243 267 493 169
244 271 499 168
247 268 504 169
252 272 502 164
256 262 512 164
256 275 514 165
261 275 511 165
266 274 519 167
268 271 523 165
268 275 524 163
274 270 533 166
277 268 533 167
281 265 531 167
285 272 538 168
291 271 538 167
293 271 543 167
