2859.0846061706543
48.93064498901367
47.510385513305664
47.23691940307617
50.20737648010254
19.502878189086914
14.160394668579102
20.879745483398438
27.420759201049805
48.96712303161621
28.105735778808594
31.441211700439453
30.974864959716797
38.75160217285156
33.08987617492676
33.54310989379883
50.24981498718262
41.68558120727539
33.61320495605469
47.249794006347656
42.46950149536133
23.53048324584961
55.281639099121094
34.790992736816406
47.593116760253906
36.38768196105957
55.35435676574707
49.05104637145996
39.76154327392578
49.010515213012695
56.12897872924805
48.44307899475098
45.229196548461914
45.26472091674805
42.3586368560791
68.37987899780273
49.008846282958984
68.26925277709961
62.89315223693848
43.27988624572754
68.8316822052002
37.943124771118164
55.91249465942383
57.59477615356445
64.88418579101562
25.334596633911133
29.81877326965332
36.774635314941406
54.558515548706055
0
38.973093032836914
65.72985649108887
41.63503646850586
47.5621223449707
49.24130439758301
57.49654769897461
38.246870040893555
49.155235290527344
44.41332817077637
46.61893844604492
51.86033248901367
53.255319595336914
38.100481033325195
58.13169479370117
45.787811279296875
60.955047607421875
51.36370658874512
65.4749870300293
53.32636833190918
47.29747772216797
67.19565391540527
51.320791244506836
69.69356536865234
63.36617469787598
42.20867156982422
47.86515235900879
51.55014991760254
48.83265495300293
53.04384231567383
39.69979286193848
34.54279899597168
72.80969619750977
53.20549011230469
44.93308067321777
52.683115005493164
64.9564266204834
57.024478912353516
66.41292572021484
62.990427017211914
54.044485092163086
62.08372116088867
53.65276336669922
61.58018112182617
68.4347152709961
61.39945983886719
68.70913505554199
57.79719352722168
61.44881248474121
57.43718147277832
39.23511505126953
