2926.4838695526123
57.20973014831543
89.33162689208984
76.78937911987305
44.62313652038574
94.5122241973877
41.05496406555176
119.71688270568848
41.928768157958984
115.84186553955078
47.853708267211914
109.91191864013672
98.69837760925293
113.06190490722656
50.19378662109375
54.19301986694336
126.56855583190918
41.844844818115234
109.83777046203613
40.85183143615723
110.02421379089355
45.13692855834961
112.9157543182373
50.109148025512695
38.15960884094238
109.50350761413574
43.65658760070801
38.3298397064209
39.53266143798828
39.63208198547363
111.10281944274902
47.11723327636719
126.02972984313965
41.701316833496094
39.345741271972656
40.605783462524414
108.87742042541504
115.46945571899414
38.42282295227051
41.174888610839844
125.30708312988281
43.04027557373047
115.2486801147461
39.46208953857422
124.45592880249023
0
0
0
0
0
0
0
126.29413604736328
81.46500587463379
106.90784454345703
38.31028938293457
109.6808910369873
48.31385612487793
109.42363739013672
44.091224670410156
110.50605773925781
39.151668548583984
101.99570655822754
48.10142517089844
125.03695487976074
81.44497871398926
126.90329551696777
46.91052436828613
40.83395004272461
110.96954345703125
38.24043273925781
107.99050331115723
112.24174499511719
38.48385810852051
122.8489875793457
39.661407470703125
111.66143417358398
44.54207420349121
124.36914443969727
46.440839767456055
127.30526924133301
84.2123031616211
125.00977516174316
43.76626014709473
86.00258827209473
107.92684555053711
38.42782974243164
124.74417686462402
44.58975791931152
110.88275909423828
39.69550132751465
125.55766105651855
80.33037185668945
38.33794593811035
126.95646286010742
41.90254211425781
110.53323745727539
40.08221626281738
39.30211067199707
39.40773010253906
