72 145 343 250
71 145 343 249
89 144 350 244
88 146 349 253
93 144 349 243
93 144 349 243
93 144 349 243
89 143 345 242
91 142 347 241
104 136 349 239
101 137 346 240
103 136 348 239
104 135 349 238
105 134 350 237
106 134 351 237
107 134 352 237
107 133 352 236
107 133 352 236
107 133 352 236
93 135 367 237
94 133 368 235
95 133 369 235
95 133 369 235
95 133 369 235
95 133 369 235
95 133 369 235
95 133 369 235
95 133 369 235
94 133 368 235
106 143 370 244
106 143 370 244
103 138 367 239
104 139 368 240
105 140 369 241
106 141 370 242
106 142 370 243
107 142 371 243
107 143 371 244
107 143 371 244
115 150 373 257
115 150 373 257
114 146 372 253
114 148 372 255
115 149 373 256
115 150 373 257
116 150 374 257
116 151 374 258
116 151 374 258
116 151 374 258
0 0 0 0
116 151 374 258
116 151 374 258
116 151 374 258
116 151 374 258
116 151 374 258
116 151 374 258
116 151 374 258
115 151 373 258
115 150 373 257
182 156 424 245
182 156 424 245
182 156 424 245
182 156 424 245
182 156 424 245
178 156 420 245
183 155 425 244
186 155 428 244
189 155 431 244
190 155 432 244
220 164 460 253
220 164 460 253
215 159 455 248
220 160 460 249
224 161 464 250
227 162 467 251
229 163 469 252
230 163 470 252
231 163 471 252
231 164 471 253
246 175 488 264
246 175 488 264
245 171 487 260
248 172 490 261
250 174 492 263
252 175 494 264
253 175 495 264
254 176 496 265
254 176 496 265
254 176 496 265
269 175 509 263
269 175 509 263
267 177 507 265
269 177 509 265
271 177 511 265
272 177 512 265
273 176 513 264
274 176 514 264
274 176 514 264
274 176 514 264
307 173 534 263
