72 145 343 250
71 145 343 249
89 144 350 244
88 146 349 253
93 144 349 243
98 145 349 242
95 141 350 243
93 141 349 243
93 140 349 242
90 130 355 238
104 136 349 239
82 127 358 236
84 129 360 235
80 129 361 236
91 129 357 233
86 129 359 236
92 132 362 235
93 133 364 236
94 134 364 236
97 134 364 236
93 135 367 237
96 136 367 237
97 135 367 237
95 136 367 238
92 135 368 237
92 135 367 238
94 135 366 238
98 136 368 239
99 136 368 240
103 140 369 241
106 143 370 244
110 141 372 252
112 143 371 251
113 145 372 252
118 145 373 252
116 145 373 253
108 149 367 256
110 148 369 256
112 148 372 255
115 149 374 256
115 150 373 257
120 149 381 256
127 149 384 255
137 146 387 243
139 149 386 243
0 0 0 0
0 0 0 0
0 0 0 0
0 0 0 0
0 0 0 0
0 0 0 0
0 0 0 0
155 150 413 240
151 150 424 240
158 149 424 240
169 146 416 243
173 149 418 243
177 149 422 243
179 150 422 245
174 153 426 245
182 156 424 245
193 155 424 245
195 157 429 248
193 159 435 248
194 160 442 249
201 161 449 248
199 164 445 255
204 165 446 254
210 164 447 254
215 164 457 254
220 164 460 253
223 165 459 254
231 165 457 254
232 168 460 255
234 168 464 257
237 168 470 257
237 169 475 260
239 171 482 261
241 174 484 263
227 174 489 268
246 175 488 264
251 173 482 267
252 174 483 266
257 174 487 266
260 174 491 266
260 175 493 266
265 174 496 265
268 174 496 264
270 173 495 265
271 175 500 264
269 175 509 263
274 174 515 262
283 174 523 262
291 174 528 260
284 173 529 269
297 173 525 265
302 173 534 265
300 173 535 265
307 173 533 265
309 174 533 264
